一
-1
-1
-1
八
-1
-1
-1
人
-1
-1
-1
二
-1
-1
-1
入
-1
-1
-1
十
-1
-1
-1
七
-1
-1
-1
九
-1
-1
-1
力
-1
-1
-1
小
-1
-1
-1
下
-1
-1
-1
上
-1
-1
-1
川
-1
-1
-1
夕
-1
-1
-1
三
-1
-1
-1
山
-1
-1
-1
土
-1
-1
-1
口
-1
-1
-1
千
-1
-1
-1
大
-1
-1
-1
子
-1
-1
-1
女
-1
-1
-1
六
-1
-1
-1
火
-1
-1
-1
水
-1
-1
-1
犬
-1
-1
-1
王
-1
-1
-1
文
-1
-1
-1
手
-1
-1
-1
天
-1
-1
-1
日
-1
-1
-1
木
-1
-1
-1
中
-1
-1
-1
月
-1
-1
-1
五
-1
-1
-1
円
-1
-1
-1
立
-1
-1
-1
正
-1
-1
-1
玉
-1
-1
-1
石
-1
-1
-1
右
-1
-1
-1
出
-1
-1
-1
生
-1
-1
-1
左
-1
-1
-1
四
-1
-1
-1
本
-1
-1
-1
白
-1
-1
-1
目
-1
-1
-1
田
-1
-1
-1
竹
-1
-1
-1
糸
-1
-1
-1
名
-1
-1
-1
年
-1
-1
-1
虫
-1
-1
-1
字
-1
-1
-1
先
-1
-1
-1
耳
-1
-1
-1
早
-1
-1
-1
百
-1
-1
-1
気
-1
-1
-1
休
-1
-1
-1
足
-1
-1
-1
赤
-1
-1
-1
花
-1
-1
-1
村
-1
-1
-1
町
-1
-1
-1
貝
-1
-1
-1
見
-1
-1
-1
車
-1
-1
-1
男
-1
-1
-1
空
-1
-1
-1
学
-1
-1
-1
金
-1
-1
-1
雨
-1
-1
-1
林
-1
-1
-1
青
-1
-1
-1
音
-1
-1
-1
#